16.37654444300179 1.0 
14.880737755615188 0.9996 
14.835259512735034 0.9995 
14.742430708469296 0.9994 
14.950835947380876 0.9998 
15.097859606267772 0.9999 
14.232901199757489 0.9971 
14.441306438669065 0.9992 
14.094594152611599 0.9965 
14.302999391523173 0.9985 

16.372095670173035 1.0 
14.877906533277459 0.9996 
14.657506747130878 0.9992 
14.830095003912389 0.9993 
14.889908428174174 0.9998 
15.466517524570943 0.9999 
14.23068136040844 0.9979 
14.10468553985992 0.9972 
14.312908810407722 0.9985 

