-82.3139975971876 0.0 
-76.31399759718762 199.9664801815277 
-74.08177537496613 500.10632672866564 
-68.04177537496578 3692.591098197712 
-74.31399759718762 400.05063679200083 
-72.08177537496616 700.1904833391345 
-72.71399759718831 600.2186230900562 
-70.48177537496584 900.3584696371928 
-66.04177537496577 3892.675254808182 
-66.66399759718831 3792.703394559102 
-64.44177537496546 4092.843241106245 
-73.31399759718762 599.9023822348029 
-71.0817753749661 900.0422287819453 
-71.71399759718834 800.070368532862 
-69.48177537496584 1100.2102150800024 
-67.26399759718804 3792.3871537038617 
-65.04177537496572 4092.5270002509824 
-65.66399759718831 3992.555140001902 
-63.44177537496549 4292.694986549026 
-70.28177537496556 1100.1263853924104 
-68.38399759718794 2179.700313365226 
-68.32844204163203 2391.0197658150373 
-68.68177537496581 1300.2943716904654 
-68.57066426385467 1511.61382414027 
-68.15777537496614 2479.8401599123654 
-68.14666426385473 2691.1596123621757 
-64.24177537496578 4292.611156861442 
-62.36399759718815 5372.185084834268 
-62.30844204163284 5583.504537284096 
-62.64177537496588 4492.7791431594915 
-62.53066426385473 4704.098595609315 
-62.14177537496584 5672.324931381377 
-62.13066426385493 5883.644383831233 

